M
1 1 0
1 0 1
A
1 -1 1
-1 1 1
-1 -1 -1
1 1 -1
b
-1 -1 -1 -1
M
1 1 0
1 0 1
A
-2.091 -3.182 1
-0.895 1.842 1
-0.0233 0.116 -1
3.154 -0.385 1
b
-6.545 0.632 -1.488 1.846
M
1 1 0
1 0 1
1 0 0
1 0 0
A
0 0 0
b
0
M
1 1 1
A
0 0 0
b
1
M
0 0
0 0
A
1 0
0 1
b
0 0
M
-5 -10 5
8 6 -8
-8 -2 3
A
5 -7 3
-8 -1 -9
0 -3 9
-3 -10 -3
-7 -5 -9
b
0 37 -35 32 3
M
6 9 -1
-7 10 -7
5 2 0
A
-5 9 -8
2 -1 -5
-4 4 8
-3 1 -2
-10 4 10
b
35 8 13 -39 -17
M
-5 8 2 7
-10 -1 -10 7
A
2 1 9 -5
-4 6 -8 -3
3 8 -6 7
0 6 9 0
b
-46 -46 35 -47
M
2 0 10 -4
-5 -1 -10 9
A
2 4 -10 -1
4 -3 3 -10
-7 3 8 -9
-10 1 -1 -1
b
26 -33 33 -4
M
9 2 4 3
A
0 8 -2 0
-2 -4 1 -8
1 6 4 6
3 6 -6 -9
-10 5 -6 1
b
10 -9 37 35 1
M
10 -7 9 6
A
-6 10 -1 8
-2 0 6 5
-3 1 7 -9
-3 6 -8 3
-4 -9 2 -8
b
-17 -23 -10 -1 -46
M
-6
-3
-6
10
-1
A
3
-9
b
31 -31
M
8
-7
-6
-8
8
A
-4
-5
b
-21 8
