k 2
A
1 -1 1
-1 1 1
-1 -1 -1
1 1 -1
b
-1 -1 -1 -1
k 2
A
-2.091 -3.182 1
-0.895 1.842 1
-0.0233 0.116 -1
3.154 -0.385 1
b
-6.545 0.632 -1.488 1.846
k 2
A
0 0 1
0 0 -1
b
1 1
k 1
A
36 27 41
7 17 26
16 1 27
0 37 12
14 1 49
b
14 45 36 50 36
k 2
A
37 42 10
34 25 17
3 16 2
16 18 41
25 50 39
b
44 4 41 22 8
k 1
A
-10 -3 -10
3 -9 7
-10 -5 5
2 0 -10
7 2 4
b
53 -6 73 -6 -68
k 1
A
0 1 -9
-2 6 7
-8 1 3
-9 5 0
-5 1 10
b
64 -50 -36 47 48
k 2
A
6 -6 -1
-5 -3 6
-7 -4 -1
-8 -4 -8
-7 -9 6
-1 10 -8
4 0 -7
-5 2 3
-3 -9 -6
-8 1 6
b
73 -50 55 -35 66 29 -4 74 6 -84
k 2
A
-7 10 0
8 1 -10
0 0 8
5 -6 9
5 5 9
1 -10 0
7 5 6
-4 6 -10
-6 3 4
-5 -3 5
b
46 -87 -27 -87 96 -17 -21 -33 94 -83
k 2
A
-2 2 3
-10 -6 3
6 4 9
4 1 5
3 -10 -3
8 2 -8
-5 -2 -3
1 -5 4
7 -1 5
9 -4 7
b
-10 14 -37 -36 -63 -41 62 16 87 -39
k 2
A
5 -8 8
-8 6 6
8 -9 -4
2 -5 -7
3 -7 -3
-4 8 10
3 -9 4
-4 -10 4
-4 -4 5
-5 5 -1
b
67 41 -15 -12 58 -94 35 -74 -32 -23
k 5
A
-8 8 8 7 -4 -2
2 2 -5 2 3 -1
4 1 -3 7 6 -10
10 3 4 -7 -2 5
-7 8 1 3 2 7
2 9 -9 9 8 7
7 8 -6 3 -6 2
b
40 10 -10 43 -93 61 25
k 3
A
0 7 2 -1 -3 -6
-5 8 8 2 3 -1
-4 -3 -3 2 -5 2
-10 -4 8 7 -3 -4
-8 -6 7 -8 -8 -5
9 -8 -2 -10 -9 -10
-10 7 -4 10 4 -10
b
-13 36 31 82 45 -52 -92
k 2
A
9 5 -7 -1 0 -3 1 -4 5 -1 2 8 9 -8 3 8 -7 -10 1 -4 1 9 -5 -7 -8 7 2 0 7 -7 4 -5 7 7 -1 5 2 -10 -3 2 -5 2 -10 5 -5 3 9 2 -1 4 2 6 -2 -8 -3 -1 -4 0 -6 -7 3 1 3 10 -5 -5 -10 -6 -6 8 -10 -5 -8 -10 -8 -2 9 -5 1 -1 -7 -7 -8 -1 6 1 -9 -6 10 -6 9 -3 10 -7 -7 5 10 4 -4 3
8 6 10 9 5 -9 -7 -2 1 -10 -1 -3 -3 -1 8 3 2 -5 -8 -5 -10 -2 6 2 -6 4 5 -10 -6 10 7 9 0 -8 4 -1 -3 2 9 -1 -5 -6 6 -8 1 0 3 9 9 -6 4 -3 0 -4 7 -9 8 5 8 -5 5 2 5 7 6 -5 -6 10 4 -8 0 5 9 -5 8 6 4 -8 10 -9 7 -10 -10 -7 -9 -7 -8 0 10 7 -4 -5 -9 8 -5 -3 7 -9 8 -4
3 2 -4 -8 9 9 9 5 1 0 -5 8 4 -2 5 6 -5 -4 1 -2 3 3 10 4 -2 -4 7 1 -9 10 10 3 2 -8 1 10 -9 -7 6 -2 10 -10 -3 9 10 -1 -2 -6 6 -5 0 -3 -9 3 4 -1 -10 8 8 -9 -7 -5 -3 6 -6 -9 -8 -1 -2 9 -9 1 -4 -5 -2 1 -1 -3 1 -10 9 -6 -7 4 -8 4 -1 -9 -2 1 -6 -2 10 9 2 9 -9 6 -2 -9
-10 3 -5 -7 3 -5 2 8 -2 8 10 3 -7 10 -7 4 -8 1 9 -6 6 10 -10 9 -7 -1 -8 -7 -9 8 7 0 3 6 6 7 3 -9 9 -3 -7 -4 -10 1 -10 -6 3 4 -6 -8 1 7 -4 5 2 4 8 -10 2 -4 8 4 -7 -2 -7 4 -2 -7 10 9 5 -3 -5 -3 5 3 -7 9 -5 3 4 -8 10 -4 6 -1 -7 8 7 -9 1 -10 3 -5 9 6 8 -7 8 2
5 6 -10 0 8 7 8 -10 0 -2 -8 8 -6 8 8 10 4 10 10 7 3 -3 1 8 -8 -6 4 6 5 2 5 -9 3 7 4 0 -2 7 -6 10 -3 -3 -7 -7 -8 7 7 8 -6 -1 10 -9 4 6 -6 0 7 2 6 7 1 5 -7 1 5 -4 -7 -8 1 7 -5 9 0 10 6 4 -4 1 1 1 6 9 5 -4 -1 7 4 -4 -4 7 -2 0 8 2 -3 -1 0 2 -9 2
b
51 -49 81 -75 -23
